0.17681475669001517
0.15822080610549272
0.2582825755493045
0.7250452044771843
0.43708637919775034
0.1998750574425591
0.5101421167006843
0.08456857799235362
0.03600236813430762
0.014094709482584653
0.40736316246831994
0.5438454211040331
1.0197539267903415
0.2836626141369843
0.0416831999548669
0.31148130495043613
0.2702716556184672
1.2245770408097796
0.037977550629898556
0.0432583854004497
0.4461964668625116
0.04398936628567886
0.1808301928872259
0.04155597468917563
0.7153091427167506
0.0036603760196392728
0.0749703892655548
0.01443385828562396
0.5730708537678725
0.8477480381443638
