0.5072574932468115
5.577379047240431
2.740585183838803
8.955957633893808
3.2595243161909835
2.041429478111283
4.398268168048434
4.442958050912466
1.1759924875588084
3.827711615340146
3.073531549231859
1.9606403986582848
10.294703844981672
3.6027596187618727
5.027269718275992
7.358838400818563
2.6164505383555756
6.510806576419617
5.301467415026144
5.755524916752947
5.439772499099549
3.089488042527112
4.41859115066913
5.389083404425618
4.37990028337499
8.008193780529698
3.2988268975824937
5.288064503610183
5.239810803800555
7.087863812858162
