10.402894539058693
19.365370216797114
0.03461960181144045
8.190807726145145
11.95564635928011
30.403687387155365
44.96394241679229
0.2484352808923903
16.558298623573947
0.38652381991010987
7.589227848696305
19.363540936878685
8.95063475741284
10.755584872514596
14.839397951102535
1.5057128939809736
6.804109212696627
1.3221062380406432
113.27496971522815
0.7180095238052052
0.3138269436384861
1.18238643505975
11.15442795133196
178.5955226775905
3.4037901241129664
20.680319015027973
10.122793707442803
2.957172885788638
3.3521422685947746
8.637878105246294
