3.30722902945471
3.2269837119805023
4.399045219732142
1.8078884922408562
1.7970489875895426
1.6281754888878543
1.8819015834062423
0.6717351532867095
1.1315490673538087
1.1175758658873036
2.154710627459247
3.329149741137271
6.031591385478774
4.230260147852963
1.4472678228176337
3.439244653313891
1.4635319993655136
2.5599641877148818
1.632263835437445
2.1462671357776677
0.8652226134086553
1.1757965498405947
0.692967760150747
1.1860468917709344
2.781569530027999
2.992462025061557
1.4380110766512262
6.197772733859203
0.748363026775068
3.3586478778322517
