-1.584989453037419
-1.6658811904325588
-1.978761707137914
-1.5402792033985344
-1.2675632167855153
-2.454375670343861
-2.957145034311183
-2.2512530419897256
-1.7641291576193916
-1.9658381561236304
-1.570428379711147
-1.8113187429222748
-2.240450927066852
-1.8695430485031457
-1.7927883719143647
-1.932975957207866
-2.544212663939176
-1.5080433902775032
-1.8069860058959057
-2.5229315417294615
-2.0278166233031527
-2.0870084209189503
-1.896367337709444
-1.8160688031487295
-1.742049521303255
-1.6272536695941486
-1.7534284516371506
-1.884430397116897
-2.44663010334803
-1.3495750624319833
