0.7331628725372805
4.1982728868107335
12.673611952884757
6.545760125979416
3.895791802537124
9.90178020029201
4.604950808831683
3.4059060309088505
9.211699738910387
4.859537742715803
8.892459509354872
6.257279879234256
6.2068651661254
7.938806667370027
5.257596053498199
11.483634958200696
4.817701433575335
4.826356066476032
3.7332652042362864
6.4770456057897405
4.3136177891363605
6.374423908464099
7.518966573436274
4.231534645465577
6.3146661806132265
5.059783758871388
3.7035684489228333
1.920250384639783
1.9838526144553752
4.707979101866611
