-5.512023155863073
-6.15108836880421
-5.224978787362971
-6.320559401391568
-5.169523949132668
-6.325701853792005
-6.303878488365105
-6.370019632775687
-5.574120941025281
-5.1975424161444685
-6.201537363112896
-6.782614518918362
-5.801438943409498
-6.300396802395951
-6.208851436655079
-6.589840419826129
-6.185108472081708
-5.928050077839981
-6.02218743169668
-6.181650492525727
-5.82182632109237
-6.528336626235915
-6.058084853510471
-6.563381342627893
-6.019385607829167
-6.404964707981955
-5.689334433762305
-6.392060115570012
-6.797724596332527
-5.718477630681773
